mse per frame: 1175.0394460042319
[846.7740071614584, 740.6753234863281, 1255.4476114908855, 1119.1503092447917, 1809.3919881184895, 1131.8404337565105, 1371.7554321289062, 1560.3628540039062, 1016.4300333658854, 898.5664672851562]
hss20 per frame: 0.0060949638770023415
[0.007930042182358644, -0.002487695838486397, 0.005001100628647431, 0.0020747655347346464, -0.0027590474999584116, 0.01316182321620953, 0.007653230197379842, 0.007606410269296863, 0.00823638186638162, 0.014532628213459658]
hss35 per frame: 0.001168931075767067
[0.002688918611327782, -0.000896766918782078, -0.0009315068402929741, -4.240394300666459e-05, 0.00025828901285160637, 0.004536162467553931, 0.0006536102237276318, 0.0014196291672064643, 0.0029849644108908753, 0.0010184145661940958]
hss45 per frame: -4.047536590837965e-06
[0.0, 0.0, 0.0, 0.0, 0.0, 0.0, -2.0319811095060402e-05, 0.0, 0.0, -2.0155554813319252e-05]
csi20 per frame: 0.040767329145782454
[0.03862926265973288, 0.03342411606112671, 0.03851600526562155, 0.03860599828494046, 0.036514357994634046, 0.048218489916129766, 0.04161638067191409, 0.04138470447790354, 0.04172554986009951, 0.04903842626572195]
csi35 per frame: 0.001271524812376423
[0.0016273669167559844, 0.0, 0.0002556237218813906, 0.0004900352307267201, 0.0006587615283267456, 0.002637724611636489, 0.0006310553058542602, 0.0015267282648119091, 0.0029678296559059077, 0.0019201228878648233]
csi45 per frame: 0.0
[0.0, 0.0, 0.0, 0.0, 0.0, 0.0, 0.0, 0.0, 0.0, 0.0]
mae per frame: 3257.8184733072917
[2929.0443522135415, 2652.931111653646, 3251.6153564453125, 3182.7144368489585, 3849.9574381510415, 3644.1112060546875, 3542.483113606771, 3724.911376953125, 2911.897908528646, 2888.5184326171875]
psnr per frame: 11.598768660625991
[12.868059129941889, 13.448227213113677, 11.157670493746195, 11.656171566438644, 9.570834229047021, 11.612687077024576, 10.77483345035234, 10.213937260944205, 12.07487197455834, 12.610394211093023]
ssim per frame: 0.024190567978488557
[0.028779997251226125, 0.0339318336166974, 0.019227974680283675, 0.021366570612120703, 0.0133029345474111, 0.03330451709844962, 0.019137686288385084, 0.016585402527980287, 0.02466683098664688, 0.03160193217568474]
lpips per frame: 96.86372031768163
[98.24323455492656, 98.9739865064621, 101.37394368648529, 97.68761893113454, 97.18980491161346, 97.38879998524983, 98.69765142599742, 89.89121516545613, 93.43449572722118, 95.75645228226979]
hss_csi_score per frame: 0.006284056900955043
